1000,100,3.18
1000,200,2.51
1000,300,2.69
1000,400,2.79
1000,500,3.15
1000,600,2.68
1000,700,2.93
1000,800,3.64
1000,900,3.59
1500,100,3.16
1500,200,3.22
1500,300,3.24
1500,400,3.22
1500,500,3.15
1500,600,3.12
1500,700,3.21
1500,800,3.18
1500,900,3.27
1500,1000,3.19
1500,1100,3.33
1500,1200,3.30
1500,1300,3.52
1500,1400,5.24
2000,100,3.81
2000,200,4.23
2000,300,3.79
2000,400,4.40
2000,500,4.17
2000,600,4.49
2000,700,4.67
2000,800,4.83
2000,900,4.03
2000,1000,4.18
2000,1100,4.03
2000,1200,4.26
2000,1300,4.16
2000,1400,3.82
2000,1600,4.20
2000,1700,4.96
2000,1800,5.25
2000,1900,8.36
2500,100,5.53
2500,200,6.68
2500,300,6.80
2500,400,7.68
2500,500,7.61
2500,600,6.72
2500,700,6.64
2500,900,7.08
2500,1000,7.12
2500,1100,7.02
2500,1200,7.16
2500,1300,7.07
2500,1400,6.82
2500,1700,7.15
2500,1800,7.38
2500,1900,7.48
2500,2000,7.66
2500,2100,7.87
2500,2200,8.36
2500,2300,10.31
2500,2400,15.78
3000,100,11.80
3000,200,13.49
3000,300,13.76
3000,400,13.23
3000,500,13.98
3000,600,15.20
3000,700,14.39
3000,800,14.00
3000,900,14.44
3000,1100,14.02
3000,1200,14.30
3000,1300,13.61
3000,1400,14.02
3000,1500,14.06
3000,1600,14.29
3000,1700,13.68
3000,1800,14.30
3000,1900,14.15
3000,2000,14.22
3000,2100,14.31
3000,2200,14.46
3000,2300,14.86
3000,2400,14.81
3000,2500,15.19
3000,2600,16.18
3000,2700,17.50
3000,2800,23.47
3000,2900,28.69
3500,100,26.76
3500,200,24.69
3500,300,25.46
3500,400,26.04
3500,500,25.82
3500,600,26.67
3500,700,26.93
3500,800,31.83
3500,900,25.95
3500,1000,26.83
3500,1100,26.42
3500,1200,25.74
3500,1300,25.97
3500,1400,25.83
3500,1500,26.99
3500,1600,25.80
3500,1700,27.24
3500,1800,25.10
3500,1900,27.22
3500,2000,28.22
3500,2100,26.24
3500,2200,26.33
3500,2300,27.04
3500,2400,29.53
3500,2500,29.04
3500,2600,27.25
3500,2700,29.28
3500,2800,28.84
3500,2900,31.03
3500,3000,32.28
3500,3100,32.55
3500,3200,34.84
3500,3300,42.83
3500,3400,54.90
4000,100,40.45
4000,200,41.91
4000,300,44.45
4000,500,47.55
4000,600,45.73
4000,700,44.89
4000,800,45.95
4000,900,44.76
4000,1000,48.53
4000,1100,45.85
4000,1200,46.99
4000,1300,49.39
4000,1400,46.57
4000,1500,47.43
4000,1600,48.79
4000,1700,50.00
4000,1800,49.68
4000,1900,49.06
4000,2000,48.64
4000,2100,51.96
4000,2200,51.09
4000,2300,49.68
4000,2400,49.93
4000,2500,50.09
4000,2600,50.23
4000,2700,53.02
4000,2800,51.53
4000,2900,51.36
4000,3000,51.19
4000,3100,52.06
4000,3200,51.32
4000,3300,52.52
4000,3400,54.53
4000,3500,54.34
4000,3600,56.85
4000,3700,61.55
4000,3800,71.66
4000,3900,88.00
4500,100,62.78
4500,200,61.90
4500,300,66.21
4500,400,65.67
4500,500,68.13
4500,600,69.84
4500,700,72.98
4500,800,70.68
4500,900,72.66
4500,1000,75.27
4500,1100,73.21
4500,1200,72.59
4500,1300,76.84
4500,1400,71.60
4500,1500,74.56
4500,1600,75.81
4500,1700,74.21
4500,1800,75.93
4500,1900,76.80
4500,2000,77.64
4500,2100,79.08
4500,2200,77.21
4500,2300,79.04
4500,2400,79.70
4500,2500,78.75
4500,2600,81.05
4500,2700,82.27
4500,2800,78.18
4500,2900,84.11
4500,3000,80.99
4500,3100,80.51
4500,3200,80.61
4500,3300,84.14
4500,3400,82.39
4500,3500,82.81
4500,3600,81.43
4500,3700,85.79
4500,3800,85.63
4500,3900,86.74
4500,4000,88.22
4500,4100,93.13
4500,4200,94.56
4500,4300,102.55
4500,4400,117.28
5000,100,75.70
5000,200,75.93
5000,300,79.61
5000,400,86.35
5000,500,91.34
5000,600,89.87
5000,800,88.71
5000,900,96.92
5000,1000,93.46
5000,1100,93.47
5000,1200,95.09
5000,1300,96.05
5000,1400,101.96
5000,1500,102.70
5000,1600,102.25
5000,1700,101.75
5000,1800,103.45
5000,1900,106.79
5000,2000,105.35
5000,2100,106.56
5000,2200,109.04
5000,2300,110.08
5000,2400,109.20
5000,2500,111.67
5000,2600,114.66
5000,2700,111.79
5000,2800,111.42
5000,2900,116.58
5000,3000,113.85
5000,3100,116.79
5000,3200,116.24
5000,3300,115.79
5000,3400,110.86
5000,3500,117.60
5000,3600,113.76
5000,3700,113.27
5000,3800,111.64
5000,3900,117.28
5000,4000,116.13
5000,4100,115.49
5000,4200,117.29
5000,4300,118.21
5000,4400,123.17
5000,4500,119.53
5000,4600,122.41
5000,4700,127.46
5000,4800,131.49
5000,4900,139.58
5500,100,94.91
5500,200,80.82
5500,300,80.31
5500,400,87.40
5500,500,93.49
5500,600,98.66
5500,700,100.58
5500,800,106.49
5500,900,107.17
5500,1000,103.86
5500,1100,107.40
5500,1200,117.08
5500,1300,113.31
5500,1400,114.41
5500,1500,120.10
5500,1600,122.13
5500,1700,122.39
5500,1800,125.36
5500,1900,125.50
5500,2000,126.66
5500,2100,131.47
5500,2200,127.59
5500,2300,130.24
5500,2400,128.98
5500,2500,135.13
5500,2600,134.81
5500,2700,138.03
5500,2800,133.77
5500,2900,137.33
5500,3000,137.19
5500,3100,137.21
5500,3200,136.78
5500,3300,137.08
5500,3400,136.61
5500,3500,137.97
5500,3600,140.27
5500,3700,136.49
5500,3800,140.81
5500,3900,141.62
5500,4000,138.04
5500,4100,139.24
5500,4200,139.59
5500,4300,140.54
5500,4400,142.37
5500,4500,139.99
5500,4600,142.11
5500,4700,138.82
5500,4800,140.09
5500,4900,141.29
5500,5000,146.22
5500,5100,144.14
5500,5200,146.55
5500,5300,145.49
5500,5400,148.68
6000,100,79.09
6000,200,78.20
6000,300,74.08
6000,400,82.78
6000,500,89.94
6000,600,95.87
6000,700,101.37
6000,800,99.73
6000,900,104.99
6000,1000,112.50
6000,1100,109.74
6000,1200,121.15
6000,1300,117.40
6000,1400,122.78
6000,1500,122.73
6000,1600,129.40
6000,1700,127.16
6000,1800,135.54
6000,1900,135.03
6000,2000,135.73
6000,2100,136.39
6000,2200,137.20
6000,2300,142.71
6000,2400,138.87
6000,2500,142.51
6000,2600,146.21
6000,2700,147.05
6000,2800,144.56
6000,2900,148.34
6000,3000,144.96
6000,3100,148.70
6000,3200,147.44
6000,3300,146.09
6000,3400,148.66
6000,3500,150.19
6000,3600,147.08
6000,3700,148.90
6000,3800,148.98
6000,3900,148.53
6000,4000,149.38
6000,4100,150.16
6000,4200,147.26
6000,4300,149.35
6000,4400,148.39
6000,4500,149.95
6000,4600,151.27
6000,4700,150.93
6000,4800,153.46
6000,4900,152.96
6000,5000,150.99
6000,5100,157.21
6000,5200,154.03
6000,5300,153.42
6000,5400,153.61
6000,5500,155.02
6000,5600,151.68
6000,5700,153.44
6000,5800,151.51
6000,5900,148.87
6500,100,71.06
6500,200,68.37
6500,300,67.49
6500,400,70.98
6500,500,81.45
6500,600,83.41
6500,700,88.64
6500,800,93.92
6500,900,100.72
6500,1000,106.42
6500,1100,101.63
6500,1200,109.24
6500,1300,113.79
6500,1400,117.14
6500,1500,123.06
6500,1600,125.21
6500,1700,125.55
6500,1800,131.49
6500,1900,132.55
6500,2000,133.55
6500,2100,136.39
6500,2200,140.23
6500,2300,139.80
6500,2400,141.86
6500,2500,143.86
6500,2600,145.27
6500,2700,143.56
6500,2800,149.29
6500,2900,147.83
6500,3000,146.44
6500,3100,150.45
6500,3200,150.33
6500,3300,149.19
6500,3400,151.24
6500,3500,151.22
6500,3600,149.63
6500,3700,150.90
6500,3800,154.27
6500,3900,154.30
6500,4000,150.77
6500,4100,151.71
6500,4200,151.37
6500,4300,153.14
6500,4400,153.10
6500,4500,151.48
6500,4600,152.19
6500,4700,151.15
6500,4800,154.49
6500,4900,152.14
6500,5000,155.74
6500,5100,152.85
6500,5200,153.67
6500,5300,151.93
6500,5400,153.55
6500,5500,151.39
6500,5700,152.13
6500,5800,155.19
6500,5900,156.76
6500,6000,151.18
6500,6100,152.67
6500,6200,152.93
6500,6300,150.56
6500,6400,148.25
