2000,200,0.4615377555507893,0.13531216025000128,0.1210074098932461,0.05584559591643899,0.011871893853579238,0.0046357776355902035
2000,400,0.49112731669804455,0.16214388607560956,0.141184586682048,0.07471834930054758,0.04343047432148341,0.02169398887817615
2000,600,0.5042637974762425,0.17749342772584184,0.15195306043977508,0.08651164215143278,0.05984071633505862,0.028873742339823854
2000,1000,0.5155758878241442,0.19482388045098342,0.16535567131459017,0.09928277010655345,0.0779254260947524,0.039772416653593885
2000,1400,0.5073869949132568,0.20161144943455928,0.16687072115339438,0.09971474610988179,0.07918131788658272,0.03881238999127748
2000,1800,0.48104895343162124,0.15933342816432258,0.09449127425377002,0.0413805839512305,0.029371557888927702,0.010263775505837177
2000,1900,0.517769714410441,0.15104076240539704,0.09158324468498305,0.03333224393794036,0.02226565315593495,0.009670443840969862
2400,200,0.5218070216107635,0.1318637166866046,0.11864589875992976,0.055808338527458354,0.008716703021543147,0.003821142393001427
2400,400,0.5565797419969877,0.1662850225773906,0.14342062190408458,0.0815214163769902,0.0432419509450501,0.024170496470710998
2400,600,0.5698283302125294,0.18431709161017637,0.1573786900307457,0.09243699354223449,0.0630198385187434,0.03640066774250033
2400,800,0.5857035483315168,0.2007834352199164,0.1696006130156779,0.10366037315954776,0.07751261770817945,0.04419497814169246
2400,1000,0.6006930413269241,0.20822270730005996,0.1754669093620469,0.11022342439480359,0.08678055042753988,0.053129458579155395
2400,1400,0.6150550684536187,0.2215365972205379,0.19026651220069904,0.12155486049741979,0.09701644839229114,0.06141325372364764
2400,1800,0.6233163587661973,0.22780636027011245,0.18591132806593877,0.11374287647984653,0.08979887119437399,0.0534366236393763
2400,2200,0.6227029528030336,0.19459605818398956,0.10951355306615278,0.050123209734058184,0.03566358416598449,0.016217648673637633
2400,2300,0.6582076364434041,0.18687137962491612,0.10985792739019114,0.044090803230206393,0.029879861789932093,0.015244609036646043
2800,200,0.5615718172329454,0.12640894186440982,0.11551419198058985,0.055419089883207075,0.006314795280254023,0.002603534188337081
2800,400,0.5985748917877152,0.16780344167598302,0.14497816608836633,0.08328156568254227,0.04008872268930603,0.02381995874274251
2800,600,0.6219288559303117,0.18927091552009823,0.16198774964258528,0.09717133713907013,0.06364403287509285,0.03935196711556033
2800,800,0.6388269299416524,0.20018504838134138,0.16998295896260784,0.10696016823263829,0.07882472755617945,0.051501738308774386
2800,1400,0.683498194342332,0.2286011982472495,0.1965155571512791,0.12872389426653938,0.10317713051007442,0.07241826951745993
2800,1800,0.7080108695165247,0.241400592311907,0.2076290576349351,0.1346168931820579,0.10864769049944828,0.0768031298622688
2800,2200,0.7242138675583687,0.2509494825565881,0.20436468510596725,0.12786688742383695,0.10211657702749717,0.0680981920076946
2800,2600,0.7245867333679942,0.22068413653336985,0.12316711931440413,0.05765101338865125,0.041473399778254386,0.021740376867487737
2800,2700,0.7483945892167604,0.2086322860016687,0.12186728378411306,0.050766050214829696,0.03477516299465065,0.02051026350555015
3200,200,0.582199090235202,0.12220784523372094,0.11221886610481001,0.05430747281400179,0.004686049539292,0.001698151822450857
3200,400,0.628131547131977,0.1685829747217042,0.1458443946880972,0.08534526057076801,0.03665020543464955,0.022803327114688535
3200,600,0.6575711402251531,0.1916472038499412,0.16382122334018123,0.10168217673738708,0.06525038915869374,0.0438221448505449
3200,800,0.6794191122019237,0.20427555946711906,0.17424327604315443,0.11151660907511399,0.08069701985393536,0.05441232517745128
3200,1000,0.6978054220332692,0.21697312899173415,0.18362112814436524,0.11910465213879777,0.09158550031200237,0.06504319143359
3200,1400,0.7305258040110195,0.23203069722690228,0.20035295066862896,0.13301191777480512,0.10634477544343254,0.07899285335129691
3200,1800,0.7545935015247718,0.23964800595236938,0.2083588625220075,0.14011685202298155,0.1140605638329222,0.08699364183433932
3200,3000,0.794049817152202,0.2337065695940938,0.13293200829742494,0.06452529051911045,0.04611271047798002,0.027189816440797723
3200,3100,0.8115242463586002,0.22094142212673926,0.1313885668062547,0.057424855967190006,0.03948708530664506,0.024711068045148867
3600,200,0.5900302116516042,0.1182103192303481,0.1085107881908921,0.052567036276243706,0.0048869004459665775,0.0017162697943727595
3600,400,0.639823571371583,0.16373322937054782,0.14170544599612406,0.08322374213727851,0.03213645750935599,0.020015862479194704
3600,600,0.6757505572341853,0.18890155978587628,0.16291199304221834,0.1022248409848616,0.06292616437527632,0.04272057437121774
3600,800,0.7054131313070302,0.20497288970201433,0.17475863943847622,0.11223407892527122,0.07998494714746975,0.05681163786937625
3600,1000,0.7273464779278854,0.21789362924462818,0.18510501747665142,0.12071732967383314,0.09160030415216872,0.06691199172025526
3600,1400,0.7616118726181744,0.23174712710190476,0.2002078930384464,0.13490589541304604,0.1065297227059026,0.08241500290580912
3600,1800,0.7928438560153,0.2456379075967206,0.21628664675919987,0.14727336087160786,0.11992154123163196,0.0961618297048104
3600,2200,0.8156861193469057,0.25084342006383537,0.22166720930032122,0.14922436359925978,0.12194036091897129,0.09959741070891945
3600,2600,0.8326604427722104,0.2573957071919441,0.22446723448388553,0.14885172091421922,0.12030856422385221,0.0965692556908016
3600,3000,0.8406516082078475,0.2661925311896791,0.21732598627242108,0.13762370386592304,0.10904807540175601,0.08174356078426515
3600,3400,0.841690447852118,0.2430678910412656,0.14105478879304942,0.0714833727929427,0.05127473863771324,0.0327439042659169
3600,3500,0.8540357074284274,0.2306052754871214,0.14206493316378918,0.06557285236547065,0.04529442364827242,0.030498374564620363
4000,200,0.5861453834227248,0.11393480114575176,0.10545208853891057,0.05056150283448168,0.0046565246035879205,0.0017551019151406525
4000,400,0.6391657701313522,0.15403938903301426,0.13291107807339186,0.07782114470844834,0.02797058492181061,0.017245622304938556
4000,600,0.6847810809459329,0.1839884899916209,0.1586531106527302,0.10013998288133583,0.05901359963608738,0.04030913156038067
4000,800,0.7176116208703279,0.20333474657095077,0.1744248326813303,0.11252316510897832,0.07814208757463018,0.05680734953370419
4000,1000,0.7420310652830211,0.21706183295501624,0.18651428869545209,0.12375956745813697,0.09325396015288742,0.07003711201686534
4000,1400,0.7833672867822927,0.23073537561082302,0.19909001779788732,0.13549900136719906,0.10780594289269019,0.08528049150623519
4000,1800,0.8154402080021309,0.24170310136891074,0.2139602604213092,0.14519560023416517,0.11809464220013159,0.0972859664766464
4000,2200,0.8394125432125765,0.24814553793369823,0.22235395363298324,0.15150459746241268,0.12445631357335454,0.10414636903589422
4000,2600,0.8586688517602762,0.2507351781902274,0.22401719359116132,0.15148523808359532,0.12394073836177646,0.10396414934262069
4000,3000,0.8719993529473778,0.25911894108669825,0.22908037021409644,0.15266399784194767,0.12335059955000552,0.10196135445133211
4000,3400,0.8774707487799144,0.26830866036230266,0.22121187900225014,0.14185111754083066,0.11256633697277268,0.08644178818582328
4000,3800,0.8782040961805239,0.24961527598169364,0.1482992252648201,0.07489815160956595,0.05386337217508969,0.0373121400980769
4000,3900,0.8872314269498929,0.24057513800009267,0.15031039914790967,0.07357832208453842,0.05182229349548799,0.03793186678369507
4400,200,0.5646464390792089,0.10932567870843751,0.10110078297535918,0.04681552853509782,0.004799154449723658,0.0016665475871541775
4400,400,0.6294910719773555,0.14755107787802574,0.12694981900437854,0.07539328159057362,0.025726385752722673,0.015137084464732336
4400,600,0.6831960561563692,0.17788392946407688,0.15243720226765775,0.09540793099560403,0.05328284067533414,0.03681555013802025
4400,800,0.7258070001895977,0.20065931972084286,0.17254876270856653,0.11230401924517372,0.07610921726248322,0.05596806787077872
4400,1000,0.7552338517889368,0.2146643444086401,0.1837843038854122,0.12210357535687873,0.09090119767363469,0.06861651484486253
4400,1400,0.7993837025436056,0.23370662001779202,0.20238979944037222,0.13796676317556164,0.11018201889465355,0.08896673807310927
4400,1800,0.8345480797470298,0.2435855393736027,0.21617947548557936,0.1483096690621736,0.12096919323169854,0.10134945382877267
4400,2200,0.8579144421162784,0.24481496957293267,0.21971667780402818,0.15041278403058334,0.12369810525499339,0.1053049810114
4400,2600,0.8766576470700854,0.25186966006287465,0.22864175796042416,0.15604228483936713,0.1281559406750198,0.11110586407122816
4400,3000,0.8906884372104129,0.2519809692252727,0.2294358636034567,0.15594134504786658,0.127832143470799,0.10959243346749536
4400,3400,0.9035689073748138,0.26257345926044323,0.23421621650675667,0.1581989767096693,0.12823553075937372,0.10748713206889939
4400,3800,0.9018314369147552,0.2709874802715965,0.2261250323200452,0.14445693263693948,0.11439937375693983,0.09178963556074717
4400,4200,0.9051266882688326,0.25605965129796554,0.1566107951670734,0.08200150232063314,0.05936343679650341,0.04228309153365506
4400,4300,0.9105967652005773,0.24382745350664156,0.15598327544035043,0.08042162010016912,0.05751219201148876,0.043090802299238666
4800,200,0.5415087692940805,0.10559047453815287,0.09771538250218109,0.043910770722292596,0.005185586399388372,0.0014419140721151542
4800,400,0.6121806075151345,0.14295787799723275,0.12327046569030162,0.0716082154174685,0.024627736077146824,0.014390530936246962
4800,600,0.6739532712692644,0.1739856296838518,0.15012102372201414,0.0941278247718695,0.050594424845463455,0.03419952524774332
4800,800,0.7213477375651546,0.19424794829255776,0.16686207100291278,0.10974553200406323,0.07233274739764911,0.052568850930128766
4800,1000,0.7589253064174736,0.2088509703537588,0.17951943248430624,0.119148441430084,0.08760268636632594,0.06759245575248769
4800,1400,0.811425220653274,0.23067254828500358,0.19945098102178907,0.13618938583431306,0.10756366778984244,0.08866187596554095
4800,1800,0.8468000862663339,0.2424322119618314,0.21387291919989662,0.14770343615638634,0.12009381916454935,0.10275700356702959
4800,2200,0.868996212515679,0.2452376490358437,0.22084388499353266,0.15113410873963246,0.12452116157867385,0.10828401295630267
4800,2600,0.8882511934549585,0.24465055973739533,0.22366026452395738,0.15517345735172194,0.12764522261394534,0.11251426011999231
4800,3000,0.903983907988038,0.24805082627122962,0.2277450279390562,0.15561836284809263,0.1273621709922308,0.11185213257675913
4800,3800,0.9200706690707399,0.2573282274913029,0.23208094546158287,0.1544506414667561,0.12524126841603628,0.106950611536678
4800,4200,0.921493969324742,0.2713698467331046,0.22633759958803026,0.14422172169176414,0.11347055905370691,0.09277662192811813
4800,4600,0.9213109393608155,0.258546658338249,0.16316931018492636,0.08867915330935872,0.06506784397060224,0.048965968266761695
4800,4700,0.9284210953119066,0.2488117631867802,0.16327018371904814,0.08613704645498582,0.06277343394560286,0.0481452076676441
