2000,200,0.9208370897254816,0.7406347026684578,0.645011086498176,0.5253937851478647,0.4400542263191096,0.257058520767116,0.2565835080268826,0.20657426038758417
2000,400,0.9577120713702996,0.7961829976026329,0.7049517280849497,0.5949646611241369,0.5024900359593768,0.3066227389933676,0.30601135594706397,0.2506657326238394
2000,600,0.9709777941914901,0.8198390656928327,0.7333081372478699,0.6235591709312728,0.5330854232811292,0.3305193487941913,0.3298317218296461,0.27576979030930004
2000,1000,0.9837687508173941,0.8409227061896682,0.7573414509934631,0.659018414591062,0.5659172864420512,0.3586163688117424,0.35789185956383257,0.301970261862661
2000,1400,0.9874920905128036,0.835058792652423,0.7517222024127717,0.6597362052198993,0.5692148008461345,0.36534804028930923,0.3647541922810477,0.3145164766798953
2000,1800,0.9840715728561658,0.7535799956705912,0.659175719289118,0.5764459068047643,0.49244472654403093,0.31682876512112007,0.316289793518391,0.2812858591507199
2000,1900,0.9800183146097939,0.6935952603336072,0.5990978191543878,0.5174246856776681,0.44025449073870293,0.28219296605176486,0.2816214218568625,0.24924620224406502
2400,200,0.9172160052694872,0.7405308843994106,0.6425365930160692,0.5128580946206951,0.42341669759885425,0.2379849317720502,0.237371386869863,0.18609585199974554
2400,400,0.9604864581861456,0.7986569937356259,0.7069465783320803,0.5905108608971962,0.49631350761327026,0.29818028678439984,0.2974771374104035,0.23791727377777488
2400,600,0.9748510254951042,0.8291823514015872,0.7406482461966443,0.628534253090986,0.5337336032881915,0.3263622449238222,0.3254980046007432,0.263767010504009
2400,800,0.9811926570322408,0.8457555963620954,0.7633584475898875,0.6521407471161416,0.5578467954155327,0.3456709627263457,0.34461934308277403,0.2828029990463754
2400,1000,0.9857029604534183,0.856662076599586,0.7755067005979384,0.6679293976062528,0.5726184797605025,0.35549586598950533,0.35485905070310403,0.2904473883897022
2400,1400,0.9903668370947669,0.8614459034157141,0.7818860822167022,0.678188143905255,0.583680188416936,0.3679541166704064,0.3671008828583521,0.30269572544684625
2400,1800,0.9910920736809896,0.8466410371644674,0.765631180569943,0.6687441653453906,0.57819064051531,0.36978758119037924,0.36914093095507056,0.31211690993270874
2400,2200,0.9870789532063567,0.767645104397623,0.6735520572040197,0.5855798969475786,0.5016317443681394,0.32368215726564964,0.323165076106009,0.28314783566062424
2400,2300,0.9839772363443956,0.7230266513470323,0.6281540820608182,0.5431892330509992,0.4616521727648426,0.29521947853263314,0.2945708949775381,0.25681312795136935
2800,200,0.9140831024471895,0.7340411428730259,0.6318872799835941,0.49849138462469433,0.4126127181022086,0.22830831106584296,0.22768266233613793,0.17463770619870364
2800,400,0.9613483781286085,0.8007124635809194,0.7080150993191129,0.5864352207009663,0.491042322773646,0.29022479892522685,0.2896413494854852,0.22934036820331966
2800,600,0.975254480620404,0.8305757989144598,0.7436448489975336,0.6285358869977947,0.5311038949389825,0.32071555483725134,0.3199489508086213,0.25453352126432904
2800,800,0.9815718520533824,0.8487557288756575,0.7644571488355453,0.6507331150574628,0.5551730766029312,0.33671478735078864,0.33590524887436257,0.2678846811274143
2800,1400,0.991363032274878,0.8712775766694345,0.7932095005626177,0.6834736616788456,0.5887508932082042,0.36252255678510814,0.3617446428925026,0.2912611122251172
2800,1800,0.9932240951615501,0.8690787218987706,0.7919492886743553,0.6854427603514001,0.5909901029041779,0.3703995270130865,0.3696097378712204,0.2992995080405941
2800,2200,0.9925686095302991,0.8560118427864913,0.7766029794962914,0.678156527307659,0.5873193044966717,0.3746551315488138,0.3738917930084156,0.31055196542598734
2800,2600,0.9895166285863147,0.7794779830483759,0.6872461924702497,0.5965672320767984,0.5111410461522545,0.3281515779800403,0.3275851192580283,0.28413524279069524
2800,2700,0.9862942315786901,0.7404533635957573,0.6494677344188573,0.5573947589120483,0.4744968385311513,0.30099532010525903,0.3004114956812964,0.2591204243588596
3200,200,0.9081691777861819,0.7300817036263152,0.6270387726638169,0.49550723696938376,0.4064466206736485,0.2233553666354739,0.22251368375646935,0.16799342230580216
3200,400,0.9595648722974746,0.7994127515817346,0.7051270576388653,0.5829495536864929,0.48745318917683755,0.28752482621590686,0.2868215403501341,0.22409722893871298
3200,600,0.9757757924307601,0.8326917348961237,0.7435356324430492,0.6240697225817504,0.5264734170825945,0.3161872568860787,0.3153530362428485,0.24947848789169857
3200,800,0.9827101489487096,0.8521388198331158,0.7664776978825113,0.6487962500145757,0.5505665888813693,0.333736402286115,0.33277515984936396,0.2629746669503421
3200,1000,0.9874581216667115,0.8643811183384742,0.7830857049351969,0.665778380258069,0.5673810256841708,0.34528741764555543,0.3442422091248404,0.272410121963319
3200,1400,0.9920206708295137,0.8758979281007799,0.7983765599397445,0.6855530963228017,0.5878946793940291,0.359629413371092,0.3586858048675598,0.2830973821834316
3200,1800,0.9937644726628521,0.8803709325155857,0.8022655084896139,0.6893175521563406,0.5922182614865903,0.3600725631417073,0.35928551482551935,0.28434968383343534
3200,3000,0.9903733057168254,0.7919027778152794,0.7000851639279904,0.6049462462779072,0.5177381799497134,0.3279455701592368,0.32730502670875256,0.2804355702184696
3200,3100,0.9877181698600669,0.7577352951041686,0.6651190771305762,0.5700950894235778,0.4844409076176593,0.3048919671433275,0.3042296931473101,0.25952045367941445
3600,200,0.9021299020281294,0.724586513023109,0.6201655293548681,0.4848107354096764,0.39549016934513603,0.21783662268878554,0.2170378917833781,0.164358639767333
3600,400,0.958357034510901,0.7951063028943277,0.6976409410760503,0.5734832636634346,0.47655281382526626,0.28089229667512394,0.2800343930332532,0.21793749752929426
3600,600,0.9753468989930736,0.8282239146957153,0.737752044911376,0.6183843624418232,0.5212607071352059,0.31413562163519104,0.31335638981865654,0.24314223767427515
3600,800,0.9836441776218847,0.8503589054848519,0.7636004450852074,0.646240510345313,0.5486908074582247,0.3314238316217067,0.33034173217247853,0.2565941047088098
3600,1000,0.9875224038974155,0.8641682018321704,0.780297933698711,0.6625371026082281,0.563292173860834,0.34315104801921276,0.3421176574417333,0.2668134724265213
3600,1400,0.9924174102089088,0.8787263633057962,0.7996687069773367,0.6823881685988848,0.5834266961873433,0.3553629823596571,0.35430342874839327,0.27393461346606407
3600,1800,0.9943392944884933,0.8854328780635153,0.8087713235417889,0.6924407640877887,0.5950825374808817,0.36299847072921154,0.3622554300257475,0.2824160855371193
3600,2200,0.9954543436985162,0.8852297729902082,0.8100121358495389,0.694823539873765,0.5978042670241058,0.3641901767639711,0.3631001977990324,0.28354477877980805
3600,2600,0.9957824242913929,0.8825193885728078,0.8091477752651374,0.6945923306545824,0.5984930008016961,0.367504313725465,0.36659182561474135,0.2887274328877089
3600,3000,0.995430793690359,0.8615650164592539,0.7834729109913735,0.6800770292305346,0.5871701494967333,0.3680990993611637,0.3672998733203946,0.29847247416471834
3600,3400,0.9916292335364286,0.797645300468641,0.7074633582361735,0.6078056252073054,0.5206124974881471,0.330206781718515,0.32949087084189455,0.27875170223340906
3600,3500,0.9897709244625577,0.770285836626572,0.6792376693435754,0.5799503391963691,0.4932076512810041,0.3107326747580899,0.3099771030300847,0.25947685000620946
4000,200,0.8942435839647029,0.7174546046646006,0.6106979850325235,0.4777453760847831,0.3878880449170751,0.21427661771856224,0.21360156991664678,0.16289629361022503
4000,400,0.9532646383701349,0.7837305737158701,0.685363752925739,0.5580931843228788,0.463286323141269,0.2689230587919338,0.26809749210238937,0.20691789312314837
4000,600,0.975262587646078,0.827160287503946,0.7336508102263779,0.6107210909063258,0.5122707989452217,0.30487014041909377,0.30393771608919623,0.2358200975994783
4000,800,0.9829893802880041,0.8487976425919543,0.7609856661929385,0.6413925337364293,0.5403192773603136,0.32733408957252663,0.32630051500344787,0.2522548402264865
4000,1000,0.9877632567844933,0.8638304963962795,0.7794596263518417,0.6601377345717544,0.5604481448755332,0.3393099186286368,0.3382978778774516,0.26265542918524276
4000,1400,0.9917856808533421,0.8807325886217532,0.7995721662261629,0.679622740029771,0.5784116755588498,0.35048734334218135,0.3492749786169379,0.26914085285728634
4000,1800,0.9944578306856755,0.8883799439924515,0.8116305893794432,0.6918094608433286,0.5911306409177752,0.35854038218716044,0.35758169073724916,0.27366820177260615
4000,2200,0.9958534133842809,0.8912533231038661,0.8151257658047298,0.6950593887301071,0.5964650117476925,0.35927606978079735,0.35814036580650854,0.2750980718072803
4000,2600,0.9964329805280245,0.888297444729442,0.8130160491224109,0.6935445822023367,0.5930064660708264,0.3594360930226529,0.3583698849537324,0.2747385690003593
4000,3000,0.9965491210163222,0.8821089622044341,0.806460938223214,0.6913675898322846,0.5927184229149401,0.3630973496088553,0.36220724367513984,0.2818583652241138
4000,3400,0.996490093482946,0.8667839304498987,0.7887616481516745,0.6790316600665657,0.5825974907350541,0.36352948318130884,0.36266608493472285,0.29239787544833584
4000,3800,0.9929056493559182,0.8064328414513607,0.7172423385966206,0.615191285015356,0.5270316334094721,0.3317193637631845,0.33089861964566175,0.2764881776100932
4000,3900,0.9916076566390977,0.7864296498145371,0.6972890132770025,0.5957534194306744,0.50706701772095,0.3177181280250812,0.3169123167242653,0.26426673127125266
4400,200,0.8852074995438135,0.7080445703024963,0.6020707492527927,0.4713534739662579,0.3821748638862142,0.21446568757617687,0.21383265257341985,0.1652020063721317
4400,400,0.9473801316984138,0.7729592728184013,0.6725699307008961,0.547184222932876,0.4549519014929603,0.2654002171940385,0.26453600394887505,0.2057283123845134
4400,600,0.9718575566672963,0.8194335556087191,0.7259395515218767,0.6034907060409003,0.5046089087365002,0.3005318067689648,0.29955159089651917,0.23128492592973238
4400,800,0.9834699282324686,0.8495506566531816,0.7589597293663352,0.6380897920747793,0.5367585018856991,0.3236222675203698,0.3226780363736374,0.24959209629280915
4400,1000,0.9881640595173398,0.8636393745466644,0.7774167862013179,0.6543773424929031,0.5527750819356854,0.3348709139820683,0.3339707350872748,0.2570924900174159
4400,1400,0.9925595042755231,0.8838265234191169,0.8031702387619118,0.6834244849442982,0.5809567393200333,0.3517078452815061,0.35052465265987065,0.26765261702408755
4400,1800,0.9953072037847004,0.8915561099141941,0.814573630882174,0.6945244102536613,0.5911490420126586,0.3590089459349167,0.35787496432381594,0.2716816536286788
4400,2200,0.996228417526,0.8942939507334157,0.8167295050202429,0.6950274712170433,0.5912600687847785,0.3564512314007978,0.35544566351985135,0.26771736495895715
4400,2600,0.9973394819691314,0.8948269252111567,0.8210240405079946,0.6994745405692756,0.5975440135298826,0.3602421824876196,0.3592952960811586,0.2721255436439827
4400,3000,0.9973420074395852,0.8904240228740695,0.8164831308438669,0.6952617789610598,0.5932422379346686,0.35733248028530457,0.3562756893500242,0.2700656069331176
4400,3400,0.9982708761868292,0.8868257885926976,0.8117983292790482,0.6937184831508947,0.5946821395096816,0.36250971436323876,0.36160528585656415,0.27894069821306744
4400,3800,0.9963266522650555,0.8688499525093266,0.7906886106603201,0.6816939180663977,0.585613871483914,0.3658679851686694,0.3650162028666754,0.29082953629871794
4400,4200,0.9941020716735672,0.8134215988341573,0.7239241992854144,0.6197722990510787,0.529019296074664,0.33469216477646846,0.33392870325559565,0.27703959801124384
4400,4300,0.9933736603272308,0.7950332633333297,0.7066339647167539,0.6017764216343878,0.5115356979986436,0.31967630410440384,0.3188172333726874,0.26216898363659386
4800,200,0.8780518151716326,0.6975461157863276,0.5931079871571266,0.4672482699509141,0.38022301696616434,0.21664099854702035,0.2159609864533598,0.16866329936662397
4800,400,0.9445784425301812,0.7695468819252037,0.6672684914418484,0.5408035105040524,0.4469190598046074,0.2626319648698295,0.2618546085145492,0.20653722166394753
4800,600,0.97288474533955,0.8175589760514869,0.7229771045092966,0.5988522401959453,0.4995664061047108,0.2982786356527229,0.2972625482035879,0.23246277378082641
4800,800,0.9819340827477818,0.842138551556302,0.7503069043062985,0.6294016749930911,0.5296202985313693,0.3172628893850273,0.3160881006527842,0.2444283971471947
4800,1000,0.9879751049534381,0.8615156232556492,0.7735247250641603,0.6513199869418205,0.5496740814348635,0.3293594137813561,0.3282717335304983,0.25251519575376524
4800,1400,0.9927094856832671,0.8820269504995055,0.800793326051658,0.6784212046611988,0.5764176809902971,0.34916741162607334,0.348071175581398,0.26327468641601753
4800,1800,0.9949882513991826,0.8927654118966122,0.8133779768192705,0.6900507626490912,0.5882668131421069,0.357980447153183,0.35685082429540693,0.2668705346915869
4800,2200,0.9966652264405523,0.895768865405506,0.819617157544341,0.6959739151046774,0.5922149372437984,0.3581813527566224,0.3570436245082413,0.2661561038692327
4800,2600,0.9973447366654725,0.8979576150929157,0.823570661862701,0.6966178790535276,0.5916945399197292,0.35412343261771523,0.35304010544874265,0.26171973329456216
4800,3000,0.9979175852064595,0.8990062983803683,0.8237291056297814,0.6980861894981394,0.5940359450277706,0.35498524491878136,0.3537954925539069,0.26286317431955974
4800,3800,0.9984502157603858,0.8885151397278307,0.8150888764214995,0.6957325296664976,0.5949520451038648,0.3596642329112988,0.35843918425747673,0.2709572743379252
4800,4200,0.9977117910491502,0.8695024650957175,0.7910540655308063,0.6806352491659907,0.5837079910151454,0.36284374311053463,0.361948105667828,0.2868635187594517
4800,4600,0.9955742240585476,0.8240657138783517,0.7350607369889771,0.628327600259836,0.5366474759786355,0.3379543972485604,0.33707877453820245,0.2760158572269343
4800,4700,0.9941522936701341,0.8065665313749593,0.7183341348085173,0.6113270379168158,0.5213663096767539,0.32549778960978204,0.32458462161041873,0.263270172437073
