2000,100,0.82,3.30,0.16,0.24,1.19,5.07,0.02,0.01
2000,200,2.07,2.48,2.64,4.02,3.09,4.24,0.60,0.65
2000,400,1.34,1.17,10.12,12.10,1.94,2.23,3.78,3.98
2000,600,0.97,0.84,14.83,16.38,1.30,1.61,4.76,4.86
2000,1000,0.59,0.54,21.06,23.36,0.85,0.97,4.36,5.25
2000,1400,0.46,0.53,22.65,25.63,0.67,0.84,3.47,3.93
2000,1800,0.19,0.33,8.55,9.79,0.35,0.63,0.97,1.28
2000,1900,0.14,0.42,5.86,7.04,0.30,0.66,1.34,1.45
2400,100,0.51,2.89,0.10,0.20,0.96,6.10,0.00,0.00
2400,200,1.86,2.62,1.56,2.89,3.07,5.29,0.52,0.70
2400,400,1.48,1.64,8.85,11.41,3.09,3.21,4.93,4.84
2400,600,1.15,0.91,13.58,16.13,2.09,2.19,7.41,7.56
2400,800,0.63,0.86,17.54,19.40,1.69,1.61,8.11,8.79
2400,1000,0.64,0.54,20.63,22.05,1.35,1.40,9.60,10.19
2400,1400,0.61,0.53,24.04,26.81,1.06,1.23,9.66,10.76
2400,1800,0.50,0.58,23.29,26.41,0.71,1.17,7.48,8.60
2400,2200,0.20,0.44,9.06,11.52,0.43,0.98,2.09,2.65
2400,2300,0.29,0.38,7.34,9.07,0.37,0.86,2.58,2.87
2800,100,0.46,3.04,0.08,0.11,0.67,6.89,0.01,0.02
2800,200,1.26,2.52,1.27,2.04,3.21,6.53,0.34,0.48
2800,400,1.68,1.85,7.56,9.59,3.89,4.15,4.89,5.75
2800,600,1.29,1.11,13.08,15.02,2.64,2.82,8.77,9.33
2800,800,0.91,0.94,15.82,18.00,2.22,2.13,11.36,12.52
2800,1400,0.57,0.47,22.20,24.57,1.41,1.51,15.00,16.83
2800,1800,0.53,0.55,24.19,26.42,1.01,1.58,14.94,17.52
2800,2200,0.56,0.49,23.68,27.77,0.92,1.39,12.08,13.43
2800,2600,0.25,0.47,9.96,12.62,0.50,1.25,3.98,4.53
2800,2700,0.25,0.44,7.46,9.61,0.45,1.22,4.26,4.71
3200,100,0.35,2.68,0.05,0.20,0.49,6.98,0.00,0.02
3200,200,1.19,2.67,0.90,1.49,2.90,7.20,0.23,0.40
3200,400,1.90,1.86,5.97,8.48,4.60,5.22,5.02,5.62
3200,600,1.19,1.36,10.98,14.05,3.41,3.34,10.33,11.17
3200,800,1.11,0.87,15.09,17.35,2.44,2.68,12.95,14.18
3200,1000,0.86,0.62,16.95,19.75,2.13,2.13,15.56,17.32
3200,1400,0.55,0.54,19.71,22.27,1.82,1.99,19.37,20.57
3200,1800,0.72,0.44,21.04,23.88,1.42,1.76,20.39,23.35
3200,3000,0.34,0.42,10.39,13.25,0.53,1.22,5.41,6.51
3200,3100,0.29,0.52,8.47,10.42,0.44,1.41,5.47,6.31
3600,100,0.32,2.60,0.06,0.16,0.56,7.14,0.01,0.01
3600,200,0.93,2.66,0.91,1.44,2.28,6.96,0.22,0.33
3600,400,1.74,1.92,4.85,7.21,4.75,5.74,4.26,5.47
3600,600,1.25,1.25,10.37,12.82,3.92,3.89,10.15,11.55
3600,800,1.27,0.96,13.92,16.22,3.14,2.89,13.78,15.85
3600,1000,0.90,0.78,15.59,18.99,2.60,2.63,16.79,19.09
3600,1400,0.68,0.54,17.86,20.91,2.36,2.26,21.87,24.09
3600,1800,0.52,0.44,19.13,21.75,1.81,1.77,25.00,28.91
3600,2200,0.42,0.39,19.13,22.84,1.71,1.74,25.42,30.43
3600,2600,0.57,0.55,20.71,23.67,1.41,1.93,24.65,29.13
3600,3000,0.53,0.50,21.10,24.62,1.07,1.81,18.34,21.87
3600,3400,0.28,0.60,10.73,13.18,0.66,1.69,6.98,9.10
3600,3500,0.27,0.47,9.03,11.21,0.64,1.58,7.45,9.09
4000,100,0.31,2.31,0.10,0.12,0.37,6.46,0.00,0.02
4000,200,0.96,2.06,0.88,1.31,1.66,6.92,0.19,0.29
4000,400,1.45,1.72,4.21,6.06,4.38,6.11,3.39,4.38
4000,600,1.45,1.36,9.26,11.48,4.09,4.44,9.35,11.56
4000,800,0.99,0.94,12.14,14.68,3.17,3.32,14.24,16.55
4000,1000,0.99,0.84,14.57,17.45,2.84,2.80,18.10,20.03
4000,1400,0.68,0.54,16.24,19.76,2.17,2.23,23.24,25.87
4000,1800,0.67,0.46,16.88,19.56,2.01,2.23,27.12,31.56
4000,2200,0.49,0.46,17.17,20.14,1.86,1.99,29.52,34.05
4000,2600,0.52,0.42,17.51,20.80,1.47,1.86,29.64,34.59
4000,3000,0.40,0.59,18.36,22.65,1.49,2.09,27.14,32.68
4000,3400,0.45,0.54,19.32,23.38,1.28,2.16,20.99,26.35
4000,3800,0.26,0.47,10.08,13.07,0.66,1.74,9.18,10.93
4000,3900,0.33,0.49,8.68,11.21,0.76,1.80,9.54,11.55
4400,100,0.30,2.03,0.11,0.14,0.31,6.06,0.00,0.03
4400,200,0.76,1.81,0.88,1.24,1.63,6.23,0.21,0.25
4400,400,1.43,1.75,3.78,5.39,4.10,6.24,2.87,3.77
4400,600,1.23,1.48,7.59,10.36,3.57,4.86,8.58,10.03
4400,800,1.04,1.01,11.27,13.70,3.75,3.73,13.79,16.41
4400,1000,0.87,0.81,13.81,16.20,3.00,3.29,17.96,20.68
4400,1400,0.68,0.62,15.86,18.43,2.54,2.49,24.22,28.33
4400,1800,0.63,0.46,16.08,18.87,2.15,2.55,29.53,35.07
4400,2200,0.50,0.43,15.72,18.86,2.08,2.09,32.45,36.85
4400,2600,0.45,0.34,15.61,18.03,1.78,2.17,33.92,39.45
4400,3000,0.50,0.47,16.39,19.31,1.72,2.31,33.55,38.75
4400,3400,0.51,0.59,17.87,21.61,1.64,2.18,30.89,36.17
4400,3800,0.43,0.56,18.41,22.00,1.28,2.19,24.19,28.69
4400,4200,0.27,0.61,10.65,13.27,0.69,1.93,11.18,13.78
4400,4300,0.23,0.45,9.15,12.05,0.77,1.86,11.59,14.43
4800,200,0.67,1.70,1.04,1.39,1.28,5.69,0.12,0.24
4800,400,1.27,1.55,3.63,4.92,3.54,5.68,2.45,3.38
4800,600,1.25,1.26,7.05,9.42,4.32,4.91,7.73,9.16
4800,800,1.00,0.92,10.13,12.60,3.85,4.02,12.69,15.65
4800,1000,0.96,0.86,11.88,14.91,3.17,3.41,17.64,20.58
4800,1400,0.88,0.60,14.19,16.49,2.50,2.75,25.50,29.04
4800,1800,0.55,0.47,14.94,16.88,2.50,2.45,31.49,35.99
4800,2200,0.58,0.39,14.40,17.56,2.19,2.24,34.72,39.28
4800,2600,0.50,0.41,14.11,16.50,2.17,2.37,35.92,43.20
4800,3000,0.41,0.41,14.00,16.98,1.80,2.46,36.85,43.68
4800,3800,0.45,0.49,16.13,19.97,1.65,2.25,32.49,39.22
4800,4200,0.46,0.54,16.40,20.88,1.41,2.45,26.08,31.37
4800,4600,0.26,0.47,10.32,13.40,0.69,1.99,13.54,16.05
4800,4700,0.31,0.60,9.59,11.91,0.91,1.91,13.92,16.53