2000,100,0.00,0.01,0.00,0.00,2.01,8.36,0.18,0.25
2000,200,0.01,0.02,0.02,0.02,5.16,6.70,3.23,4.65
2000,400,0.01,0.02,0.02,0.02,3.27,3.39,13.88,16.06
2000,600,0.02,0.01,0.03,0.02,2.25,2.44,19.56,21.22
2000,1000,0.03,0.04,0.01,0.05,1.41,1.47,25.42,28.57
2000,1400,0.06,0.03,0.03,0.08,1.08,1.33,26.10,29.49
2000,1800,0.04,0.04,0.04,0.02,0.51,0.91,9.48,11.05
2000,1900,0.01,0.03,0.01,0.01,0.43,1.04,7.19,8.48
2400,100,0.01,0.01,0.01,0.01,1.46,8.98,0.09,0.20
2400,200,0.00,0.00,0.01,0.02,4.93,7.92,2.08,3.57
2400,400,0.01,0.02,0.01,0.02,4.56,4.83,13.77,16.22
2400,600,0.01,0.02,0.02,0.02,3.24,3.08,20.98,23.66
2400,800,0.00,0.01,0.00,0.00,2.32,2.47,25.65,28.19
2400,1000,0.02,0.02,0.01,0.03,1.97,1.92,30.22,32.22
2400,1400,0.03,0.03,0.02,0.02,1.63,1.74,33.69,37.56
2400,1800,0.05,0.05,0.01,0.04,1.16,1.70,30.76,34.97
2400,2200,0.02,0.02,0.03,0.00,0.61,1.40,11.11,14.17
2400,2300,0.00,0.00,0.01,0.00,0.66,1.24,9.90,11.94
2800,100,0.00,0.01,0.00,0.01,1.13,9.93,0.09,0.12
2800,200,0.00,0.02,0.01,0.03,4.47,9.03,1.60,2.49
2800,400,0.01,0.02,0.03,0.01,5.56,5.99,12.42,15.33
2800,600,0.01,0.01,0.02,0.04,3.92,3.92,21.83,24.31
2800,800,0.00,0.02,0.02,0.02,3.12,3.05,27.17,30.50
2800,1400,0.02,0.02,0.01,0.00,1.97,1.96,37.19,41.40
2800,1800,0.01,0.02,0.01,0.01,1.53,2.11,39.13,43.92
2800,2200,0.03,0.01,0.01,0.04,1.45,1.88,35.75,41.16
2800,2600,0.01,0.01,0.02,0.02,0.75,1.71,13.93,17.13
2800,2700,0.02,0.01,0.02,0.01,0.69,1.65,11.71,14.32
3200,100,0.03,0.05,0.00,0.01,0.82,9.61,0.05,0.21
3200,200,0.00,0.01,0.02,0.04,4.09,9.86,1.11,1.85
3200,400,0.03,0.00,0.03,0.02,6.48,7.07,10.95,14.09
3200,600,0.01,0.01,0.03,0.02,4.58,4.69,21.29,25.20
3200,800,0.01,0.01,0.02,0.02,3.55,3.55,28.02,31.51
3200,1000,0.00,0.00,0.02,0.02,2.99,2.75,32.50,37.06
3200,1400,0.01,0.02,0.00,0.00,2.36,2.51,39.08,42.83
3200,1800,0.00,0.01,0.00,0.00,2.14,2.19,41.43,47.23
3200,3000,0.03,0.00,0.01,0.01,0.83,1.64,15.79,19.75
3200,3100,0.00,0.00,0.00,0.00,0.73,1.93,13.94,16.73
3600,100,0.03,0.03,0.00,0.01,0.85,9.70,0.07,0.16
3600,200,0.01,0.01,0.05,0.03,3.20,9.61,1.08,1.73
3600,400,0.00,0.00,0.02,0.07,6.48,7.66,9.09,12.61
3600,600,0.00,0.01,0.03,0.03,5.17,5.13,20.49,24.35
3600,800,0.01,0.00,0.01,0.01,4.40,3.85,27.69,32.06
3600,1000,0.01,0.01,0.01,0.01,3.50,3.40,32.38,38.07
3600,1400,0.00,0.02,0.00,0.01,3.04,2.78,39.73,44.98
3600,1800,0.00,0.01,0.00,0.00,2.32,2.20,44.12,50.66
3600,2200,0.01,0.01,0.00,0.00,2.13,2.12,44.55,53.26
3600,2600,0.00,0.00,0.01,0.01,1.98,2.48,45.36,52.79
3600,3000,0.01,0.01,0.01,0.01,1.59,2.30,39.43,46.49
3600,3400,0.01,0.01,0.01,0.01,0.94,2.29,17.70,22.28
3600,3500,0.01,0.01,0.00,0.01,0.90,2.04,16.48,20.29
4000,100,0.01,0.04,0.01,0.01,0.66,8.73,0.10,0.13
4000,200,0.01,0.01,0.03,0.06,2.61,8.97,1.04,1.54
4000,400,0.00,0.02,0.05,0.04,5.82,7.81,7.55,10.41
4000,600,0.00,0.01,0.03,0.03,5.54,5.79,18.58,23.02
4000,800,0.01,0.00,0.04,0.02,4.15,4.25,26.35,31.21
4000,1000,0.02,0.00,0.01,0.01,3.81,3.64,32.67,37.47
4000,1400,0.01,0.00,0.00,0.00,2.84,2.78,39.48,45.63
4000,1800,0.01,0.00,0.01,0.01,2.67,2.69,43.99,51.11
4000,2200,0.01,0.01,0.01,0.00,2.34,2.44,46.68,54.20
4000,2600,0.01,0.01,0.01,0.00,1.99,2.27,47.14,55.39
4000,3000,0.01,0.02,0.01,0.01,1.88,2.66,45.49,55.32
4000,3400,0.00,0.01,0.00,0.01,1.73,2.68,40.30,49.73
4000,3800,0.01,0.00,0.00,0.01,0.91,2.21,19.26,23.98
4000,3900,0.01,0.00,0.02,0.01,1.08,2.29,18.20,22.75
4400,100,0.01,0.02,0.00,0.02,0.60,8.07,0.11,0.15
4400,200,0.02,0.03,0.05,0.09,2.37,8.00,1.04,1.41
4400,400,0.02,0.02,0.06,0.07,5.52,7.97,6.59,9.09
4400,600,0.03,0.01,0.03,0.04,4.77,6.33,16.14,20.35
4400,800,0.01,0.01,0.02,0.02,4.78,4.74,25.04,30.09
4400,1000,0.01,0.02,0.02,0.02,3.87,4.08,31.74,36.86
4400,1400,0.00,0.01,0.00,0.00,3.21,3.10,40.07,46.76
4400,1800,0.01,0.00,0.00,0.01,2.77,3.01,45.61,53.93
4400,2200,0.00,0.00,0.00,0.01,2.58,2.53,48.17,55.70
4400,2600,0.00,0.00,0.01,0.00,2.22,2.51,49.52,57.49
4400,3000,0.00,0.00,0.01,0.00,2.22,2.78,49.94,58.05
4400,3400,0.00,0.00,0.00,0.01,2.14,2.77,48.76,57.78
4400,3800,0.01,0.01,0.01,0.01,1.70,2.73,42.59,50.69
4400,4200,0.01,0.01,0.00,0.00,0.95,2.52,21.82,27.04
4400,4300,0.00,0.01,0.00,0.01,1.00,2.31,20.74,26.47
4800,200,0.03,0.03,0.05,0.06,1.92,7.36,1.12,1.57
4800,400,0.01,0.01,0.04,0.09,4.80,7.22,6.04,8.21
4800,600,0.02,0.01,0.04,0.05,5.55,6.15,14.75,18.52
4800,800,0.00,0.00,0.00,0.01,4.85,4.94,22.82,28.23
4800,1000,0.00,0.00,0.00,0.00,4.12,4.26,29.52,35.49
4800,1400,0.01,0.00,0.01,0.02,3.37,3.34,39.69,45.51
4800,1800,0.00,0.00,0.00,0.00,3.05,2.92,46.43,52.87
4800,2200,0.01,0.00,0.00,0.00,2.76,2.63,49.12,56.84
4800,2600,0.01,0.00,0.01,0.00,2.66,2.78,50.02,59.70
4800,3000,0.00,0.01,0.01,0.01,2.21,2.87,50.85,60.65
4800,3800,0.00,0.00,0.00,0.00,2.11,2.74,48.62,59.19
4800,4200,0.01,0.01,0.01,0.01,1.85,2.98,42.47,52.24
4800,4600,0.01,0.00,0.00,0.01,0.94,2.46,23.85,29.45
4800,4700,0.01,0.00,0.00,0.00,1.21,2.51,23.51,28.44